Mean Noise Amplitude <length scales>
-----------ALL SAMPLES-------------
-0.664732653745 0.001 0.139029529557 0.00446521913802 0.969649346383 0.268028266874 1.01874326972 1.30302758557 9.7503481783e-05 0.055724955397 0.323315271408 0.0242714861671 0.334951874283 1.79117651164 1.25365743126 0.361738828282 1.3812828007 
-0.709603109857 0.001 0.199092175901 0.00294447128736 0.645024401646 1.14414607824 1.13387365093 0.0746818586399 9.2364171708e-05 0.0893752399121 0.575365308164 1.13432051732 1.49396485542 1.87115006244 1.74884938405 1.33934151464 0.333139916918 
-0.719344191474 0.001 0.150958143931 0.00348155472944 0.0628449406549 0.278616145606 1.71912502264 0.254771137743 0.000124037222389 0.187145288165 0.506856407136 1.1588101398 1.95246802754 1.98730566162 1.81346375803 1.03819091456 0.44605387605 
-0.711463412195 0.001 0.144811760665 0.00267341819775 0.773262954535 0.0662980631226 0.964161640969 0.0813220235339 2.59647367854e-05 0.178609307267 0.849279460294 0.678309101341 0.693675036563 0.0224660310216 0.607803027214 1.55038957565 1.07057021207 
-0.683413020089 0.001 0.161090597843 0.00372678080059 1.58319384044 0.0501138885949 1.28384286284 0.546416482919 0.00017110982741 0.2848344009 1.19076999142 1.52246694229 0.125889156766 1.17316879546 0.39616670806 0.668905356979 0.341092700712 
-0.690825894774 0.001 0.167280906533 0.00425043943776 0.159525751938 0.129321259754 1.85612518686 0.333345099833 0.000128806148035 0.138824515697 0.4629039918 1.07850587453 1.04228303711 1.65396350011 1.85474540727 1.66130202172 0.880189278995 
-0.699003542749 0.001 0.166585894565 0.00276927090056 1.03301861272 0.303967024801 1.92653423474 0.475231473445 1.26087479538e-05 0.159262528035 1.38179370391 0.0727475432708 0.855927333376 1.80106653052 1.41309806983 1.85864687931 0.696063411846 
-0.695297217127 0.001 0.18680011204 0.00385221527355 0.168120702399 0.295188514509 1.48869134461 1.03550120623 0.000156554854401 0.146312619176 1.00736155704 1.45020672704 1.87189327775 1.02990015522 0.62376256215 0.70062648266 1.69535799875 
-0.705218349413 0.001 0.161137653532 0.00253201393405 0.345174956714 0.124574084775 1.76945925691 0.791393440632 8.09594748383e-05 0.0885618004801 1.49776164153 0.975721790336 1.47507132623 0.22230398607 1.55814471314 1.00821825636 0.479244395089 
-0.700105643106 0.001 0.179043975677 0.0025873056054 1.9160656426 0.162757097735 1.54421794496 0.694844228844 2.60162493068e-05 0.166392424946 1.01765931693 1.7901184439 0.313914811501 0.435844343821 1.00060966991 0.785788678808 1.42378003179 
-----------MEAN OF SAMPLES-------------
-0.697900703453 0.001 0.165583075024 0.00332826893045 0.765588115003 0.282301042401 1.47047744152 0.559053453739 9.15924914609e-05 0.149504307998 0.881306664963 0.9885478566 1.01600387365 1.19883455779 1.22703007309 1.0973148509 0.874677462292 
