3002
3009
3023
3038
3042
3055
3060
3075
3086
3089
3091
3114
3129
3132
3136
3145
3150
3151
3152
3161
3173
3180
3185
3186
3195
3200
3205
3206
3217
3219
3222
3233
3236
3238
3244
3251
3256
3278
3288
3317
3344
3347
3353
3354
3355
3361
3370
3384
3388
3407
3410
3414
3435
3441
3450
3458
3465
3466
3482
3484
3485
3486
3493
3503
3507
3518
3521
3526
3538
3549
3550
3552
3556
3564
3567
3583
3584
3585
3588
3594
3595
3599
3610
3613
3614
3619
3620
3625
3632
3634
3640
3650
3654
3659
3662
3663
3667
3673
3677
3693
3694
3697
3698
3707
3712
3713
3716
3718
3722
3727
3732
3754
3771
3772
3777
3784
3785
3787
3808
3810
3817
3825
3829
3835
3836
3844
3845
3847
3851
3861
3867
3869
3875
3880
3908
3911
3916
3919
3924
3928
3930
3935
3939
3940
3945
3958
3967
3979
3980
3987
3993
3994
6089
6094
6099
6101
6104
6107
6120
6124
6127
6129
6141
6146
6158
6165
6169
6174
6178
6179
6181
6182
6198
6225
6237
6240
6247
6252
6254
6255
6263
6268
6272
6295
6318
6325
6349
6382
6396
6403
6406
6412
6425
6432
6434
6436
6439
6441
6450
6462
6464
6469
6471
6480
6485
6489
6494
6499
6500
6504
6516
6520
6537
6540
6549
6569
6577
6583
6585
6586
6589
6596
6601
6606
6628
6633
6640
6648
6657
6664
6673
6693
6705
6706
6707
6712
6714
6716
6729
6740
6745
6758
6762
6774
6778
6779
6781
6784
6791
6793
6797
6806
6807
6808
6812
6822
6825
6827
6834
6851
6852
6858
6859
6868
6873
6876
6877
6884
6886
6889
6892
6898
6900
6907
6914
6916
6917
6927
6932
6933
6939
6959
6960
6963
6971
6975
6976
6978
6990
6999
